полученные данные
    Unnamed: 0         x1        x2        x3        x4        x5        x6
0    Брестская  148.74327  1.333835  1.102192  0.667340  0.493016  0.590519
1    Витебская  149.98400  1.365362  2.324003  0.321994  0.383072  0.627888
2   Гомельская  157.51941  1.437667  2.344134  0.460117  0.464807  0.527858
3  Гродненская  152.95968  1.456658  1.453127  0.629369  0.516789  0.663598
4      г.Минск  229.19652  2.234762  1.318370  0.674661  0.385466  0.944803
5      Минская  172.23197  2.029047  1.744477  1.019543  0.656747  0.631173
6  Могилёвская  149.65700  1.276200  1.394332  0.304975  0.427287  0.589678
нормированные данные
         x1        x2        x3        x4        x5        x6
0  0.648977  0.596858  0.470192  0.654548  0.750694  0.625018
1  0.654390  0.610965  0.991412  0.315822  0.583286  0.664570
2  0.687268  0.643320  1.000000  0.451297  0.707741  0.558696
3  0.667373  0.651818  0.619899  0.617305  0.786891  0.702366
4  1.000000  1.000000  0.562412  0.661729  0.586933  1.000000
5  0.751460  0.907948  0.744188  1.000000  1.000000  0.668047
6  0.652964  0.571068  0.594817  0.299129  0.650611  0.624128
площадь моего шестиугольника
1.8499241059828768
суммарная полщадь
2.598076211353316
ПОЛУЧЕННЫЙ ПОКАЗАТЕЛЬ
0.7120361203797277